category                n  real   Q1.7B     Q8B    Q32B  oss120   oss20 granite   phi-4   best
owasp-cmdi            206  0.58   0.573   0.704   0.699   0.932   0.932   0.587   0.752   oss120
owasp-crypto          157  0.83   0.662   0.764   0.815   0.777   0.650   0.828   0.822   granite
owasp-hash            145  0.61   0.510   0.786   0.655   0.731   0.614   0.952   0.717   granite
owasp-ldapi            40  0.68   0.600   0.775   0.850   1.000   0.975   0.675   0.750   oss120
owasp-pathtraver      428  0.57   0.544   0.654   0.799   0.953   0.946   0.603   0.738   oss120
owasp-securecookie     36  1.00   1.000   0.889   0.972   1.000   1.000   1.000   0.944   Q1.7B
owasp-sqli            479  0.57   0.534   0.643   0.693   0.956   0.952   0.566   0.758   oss120
owasp-trustbound      107  0.78   0.776   0.402   0.654   0.449   0.692   0.776   0.738   Q1.7B
owasp-xpathi           22  0.68   0.682   0.773   0.682   1.000   0.909   0.682   0.773   oss120
owasp-xss             336  0.73   0.720   0.839   0.878   0.988   0.923   0.818   0.875   oss120
